,facebook,bing,search,youtube,display
1.0,4.373177842565598,23.076923076923077,28.446389496717725,90.0,1.7142857142857142
2.0,0.3995737879595099,4.0,4.664970313825275,10.0,0.125
3.0,0.12186205215695832,17.857142857142858,0.3819709702062643,4.285714285714286,0.2
4.0,1.187648456057007,1.9607843137254901,1.0294420424130122,4.545454545454546,0.030303030303030304
5.0,0.2039983680130559,1.8867924528301887,0.5359056806002144,10.277777777777779,0.13846153846153847
6.0,0.7404664938911514,3.3333333333333335,2.1541010770505387,5.384615384615385,0.03571428571428571
7.0,5.291005291005291,5.031446540880503,0.47536048169862144,16.344086021505376,0.0220125786163522
8.0,2.027712064886786,0.18830175356008003,9.202453987730062,6.217948717948718,0.2983425414364641
,,,,,
